ATT
3
10
10.532737107 0.590521986 0.000000000
0
1
1
0.100000000
1.000000000
0.000000000
0.000000000
1.000000000
0.000000000
0.000000000
C:\TRUMPF.NET\Data\iso.fnt
"Radius Clockwise"

0
1.000000000
|~
ATT
4
10
10.537932187 0.819105493 0.000000000
0
1
1
0.100000000
1.000000000
0.000000000
0.000000000
1.000000000
0.000000000
0.000000000
C:\TRUMPF.NET\Data\iso.fnt
"Radius Counterclockwise"

0
-1.000000000 // radius, sign tells which way it goes
|~
ATT
6
10
11.561362887 0.434669595 0.000000000
0
1
1
0.100000000
1.000000000
0.000000000
0.000000000
1.000000000
0.000000000
0.000000000
C:\TRUMPF.NET\Data\iso.fnt
"Radius 1"

0
1.000000000
|~
ATT
7
10
11.545777648 0.756764536 0.000000000
0
1
1
0.100000000
1.000000000
0.000000000
0.000000000
1.000000000
0.000000000
0.000000000
C:\TRUMPF.NET\Data\iso.fnt
"Radius 1.5"

0
1.500000000
|~
ATT
8
10
11.550582305 0.229575525 0.000000000
0
1
1
0.100000000
1.000000000
0.000000000
0.000000000
1.000000000
0.000000000
0.000000000
C:\TRUMPF.NET\Data\iso.fnt
"Radius 0.5"

0
0.500000000
|~
ATT
9
7